
*************************************
MODELE PSI1EXP, PSI0ID, x = sex, age/10, x3 = Petite couronne deces, x4 = Grande_couronne_deces, x5 = reste_du_monde_deces



4-5 updates
--------------------------------------------
Maximum Likelihood estimation
Nelder-Mead maximisation, 501 iterations
Return code 1: iteration limit exceeded 
Log-Likelihood: -9936.317 
12  free parameters
Estimates:
         Estimate Std. error t value  Pr(> t)    
alpha_s -10.53501         NA      NA       NA    
beta1_s   0.71384    0.49327   1.447   0.1479    
beta2_s  -2.21775    0.02553 -86.856  < 2e-16 ***
beta3_s  -1.58830    1.71365  -0.927   0.3540    
beta4_s  -0.12668    0.31333  -0.404   0.6860    
beta5_s  -1.88168    0.31549  -5.964 2.46e-09 ***
alpha_c -31.17061    0.53119 -58.681  < 2e-16 ***
beta1_c   0.55103    0.08429   6.538 6.25e-11 ***
beta2_c   0.82592    0.06837  12.080  < 2e-16 ***
beta3_c   0.02424    0.10433   0.232   0.8163    
beta4_c  -0.24826    0.13242  -1.875   0.0608 .  
beta5_c  -0.14575    0.11327  -1.287   0.1982    
---
Signif. codes:  0 ‘***’ 0.001 ‘**’ 0.01 ‘*’ 0.05 ‘.’ 0.1 ‘ ’ 1
--------------------------------------------

4 updates plus loin

--------------------------------------------
Maximum Likelihood estimation
Nelder-Mead maximisation, 501 iterations
Return code 1: iteration limit exceeded 
Log-Likelihood: -9706.524 
12  free parameters
Estimates:
         Estimate Std. error t value  Pr(> t)    
alpha_s -23.07633         NA      NA       NA    
beta1_s   0.50956    0.10718   4.754 1.99e-06 ***
beta2_s  -0.33626         NA      NA       NA    
beta3_s  -0.18118    0.12431  -1.458   0.1450    
beta4_s  -0.44490    0.14530  -3.062   0.0022 ** 
beta5_s  -0.89840    0.15505  -5.794 6.86e-09 ***
alpha_c -27.76874         NA      NA       NA    
beta1_c   0.56001    0.08698   6.438 1.21e-10 ***
beta2_c   0.35020         NA      NA       NA    
beta3_c   0.02570    0.10407   0.247   0.8050    
beta4_c   0.04583    0.11788   0.389   0.6974    
beta5_c   0.02283    0.11051   0.207   0.8363    
---
Signif. codes:  0 ‘***’ 0.001 ‘**’ 0.01 ‘*’ 0.05 ‘.’ 0.1 ‘ ’ 1
--------------------------------------------

2 updates de plus

--------------------------------------------
Maximum Likelihood estimation
Nelder-Mead maximisation, 501 iterations
Return code 1: iteration limit exceeded 
Log-Likelihood: -9694.08 
12  free parameters
Estimates:
         Estimate Std. error t value  Pr(> t)    
alpha_s -24.14412    1.22194 -19.759  < 2e-16 ***
beta1_s   0.46512    0.10550   4.409 1.04e-05 ***
beta2_s  -0.19808    0.16948  -1.169 0.242522    
beta3_s  -0.04425    0.14579  -0.304 0.761475    
beta4_s  -0.29951    0.16019  -1.870 0.061523 .  
beta5_s  -0.53322    0.14506  -3.676 0.000237 ***
alpha_c -27.44861    0.78826 -34.822  < 2e-16 ***
beta1_c   0.45761    0.08802   5.199 2.00e-07 ***
beta2_c   0.30626    0.11242   2.724 0.006446 ** 
beta3_c   0.13535    0.14319   0.945 0.344543    
beta4_c   0.12634    0.16116   0.784 0.433084    
beta5_c   0.15039    0.13098   1.148 0.250866    
---
Signif. codes:  0 ‘***’ 0.001 ‘**’ 0.01 ‘*’ 0.05 ‘.’ 0.1 ‘ ’ 1
--------------------------------------------



confint(maxl)
               2.5 %      97.5 %
alpha_s -26.53907835 -21.7491533
beta1_s   0.25834356   0.6719018
beta2_s  -0.53026186   0.1341063
beta3_s  -0.32999739   0.2414898
beta4_s  -0.61347935   0.0144569
beta5_s  -0.81753928  -0.2489029
alpha_c -28.99357402 -25.9036364
beta1_c   0.28509328   0.6301200
beta2_c   0.08591549   0.5266105
beta3_c  -0.14530042   0.4159945
beta4_c  -0.18953342   0.4422126
beta5_c  -0.10631631   0.4071056
> 



vcov(maxl)
            alpha_s       beta1_s      beta2_s      beta3_s       beta4_s       beta5_s       alpha_c       beta1_c       beta2_c      beta3_c       beta4_c       beta5_c
alpha_s  1.49314253 -0.0349238788 -0.206556334  0.067504590  0.0491783733  0.0145865228  0.6971759993  0.0164436206 -0.1031041351  0.094323865  0.1059458115  0.0709506661
beta1_s -0.03492388  0.0111305635  0.004486351 -0.004149040 -0.0055501847 -0.0058000834 -0.0205828477 -0.0004532387  0.0030326515 -0.002671651 -0.0030525022 -0.0019929490
beta2_s -0.20655633  0.0044863513  0.028725089 -0.010354657 -0.0077360621 -0.0028841383 -0.0973274656 -0.0022945872  0.0143932434 -0.013164395 -0.0147879966 -0.0099017851
beta3_s  0.06750459 -0.0041490400 -0.010354657  0.021254792  0.0121235103  0.0105857346  0.0453440046  0.0010270976 -0.0066909706  0.005986045  0.0067915605  0.0044807902
beta4_s  0.04917837 -0.0055501847 -0.007736062  0.012123510  0.0256610810  0.0112134736  0.0329571370  0.0008978832 -0.0049162779  0.004881925  0.0052901723  0.0037345665
beta5_s  0.01458652 -0.0058000834 -0.002884138  0.010585735  0.0112134736  0.0210432644  0.0221263997  0.0003586715 -0.0032149638  0.002420910  0.0029808410  0.0017365823
alpha_c  0.69717600 -0.0205828477 -0.097327466  0.045344005  0.0329571370  0.0221263997  0.6213599509  0.0004525045 -0.0880311618  0.050913366  0.0599100043  0.0343877144
beta1_c  0.01644362 -0.0004532387 -0.002294587  0.001027098  0.0008978832  0.0003586715  0.0004525045  0.0077472820 -0.0005610014  0.001061195  0.0005294843 -0.0006323632
beta2_c -0.10310414  0.0030326515  0.014393243 -0.006690971 -0.0049162779 -0.0032149638 -0.0880311618 -0.0005610014  0.0126392164 -0.008384843 -0.0096473839 -0.0058954796
beta3_c  0.09432387 -0.0026716505 -0.013164395  0.005986045  0.0048819254  0.0024209102  0.0509133663  0.0010611953 -0.0083848429  0.020503407  0.0144685333  0.0116295238
beta4_c  0.10594581 -0.0030525022 -0.014787997  0.006791561  0.0052901723  0.0029808410  0.0599100043  0.0005294843 -0.0096473839  0.014468533  0.0259734008  0.0124208731
beta5_c  0.07095067 -0.0019929490 -0.009901785  0.004480790  0.0037345665  0.0017365823  0.0343877144 -0.0006323632 -0.0058954796  0.011629524  0.0124208731  0.0171550775


5 updates de plus 

--------------------------------------------
Maximum Likelihood estimation
Nelder-Mead maximisation, 501 iterations
Return code 1: iteration limit exceeded 
Log-Likelihood: -9588.007 
12  free parameters
Estimates:
         Estimate Std. error t value  Pr(> t)    
alpha_s -28.33925    0.83922 -33.769  < 2e-16 ***
beta1_s   0.52026    0.09786   5.316 1.06e-07 ***
beta2_s   0.35734    0.11005   3.247 0.001166 ** 
beta3_s  -0.01859    0.12268  -0.152 0.879526    
beta4_s  -0.31838    0.15161  -2.100 0.035721 *  
beta5_s  -0.45318    0.13420  -3.377 0.000733 ***
alpha_c -29.92265    0.74812 -39.997  < 2e-16 ***
beta1_c   0.47796    0.09113   5.245 1.56e-07 ***
beta2_c   0.66788    0.09736   6.860 6.89e-12 ***
beta3_c  -0.21545    0.11339  -1.900 0.057433 .  
beta4_c  -0.46626    0.14827  -3.145 0.001663 ** 
beta5_c  -0.23484    0.11457  -2.050 0.040384 *  
---
Signif. codes:  0 ‘***’ 0.001 ‘**’ 0.01 ‘*’ 0.05 ‘.’ 0.1 ‘ ’ 1
--------------------------------------------

 confint(maxl)
              2.5 %       97.5 %
alpha_s -29.9840886 -26.69440622
beta1_s   0.3284513   0.71206314
beta2_s   0.1416446   0.57303576
beta3_s  -0.2590348   0.22184664
beta4_s  -0.6155251  -0.02124351
beta5_s  -0.7162092  -0.19015098
alpha_c -31.3889424 -28.45635466
beta1_c   0.2993500   0.65656060
beta2_c   0.4770573   0.85870122
beta3_c  -0.4376928   0.00679926
beta4_c  -0.7568729  -0.17565428
beta5_c  -0.4593836  -0.01029165


vcov(maxl)
              alpha_s       beta1_s       beta2_s       beta3_s       beta4_s       beta5_s      alpha_c       beta1_c       beta2_c       beta3_c       beta4_c       beta5_c
alpha_s  0.7042903818 -6.909330e-05 -0.0918652359  3.622060e-03 -6.960532e-04 -2.345401e-02  0.372336050 -0.0145585948 -0.0491484026  0.0172952716  0.0263327934  1.949766e-03
beta1_s -0.0000690933  9.576964e-03 -0.0004194621 -7.926000e-04 -2.301529e-03 -3.663082e-03  0.003381491 -0.0001321181 -0.0004458868  0.0001475301  0.0002349342  1.414793e-05
beta2_s -0.0918652359 -4.194621e-04  0.0121111732 -1.300281e-03 -7.028777e-04  2.412407e-03 -0.049647104  0.0019412023  0.0065532670 -0.0023029664 -0.0035097983 -2.587959e-04
beta3_s  0.0036220601 -7.926000e-04 -0.0013002813  1.504942e-02  7.600065e-03  6.580096e-03  0.013437096 -0.0005249116 -0.0017714134  0.0005778119  0.0009298377  5.307482e-05
beta4_s -0.0006960532 -2.301529e-03 -0.0007028777  7.600065e-03  2.298414e-02  7.548828e-03  0.014556222 -0.0005684586 -0.0019181475  0.0006097026  0.0010001090  5.144005e-05
beta5_s -0.0234540132 -3.663082e-03  0.0024124071  6.580096e-03  7.548828e-03  1.800991e-02 -0.006830900  0.0002672690  0.0009025041 -0.0003340241 -0.0004904913 -4.200882e-05
alpha_c  0.3723360503  3.381491e-03 -0.0496471037  1.343710e-02  1.455622e-02 -6.830900e-03  0.559687808 -0.0205150071 -0.0724591860  0.0039015755  0.0084568593 -8.438566e-03
beta1_c -0.0145585948 -1.321181e-04  0.0019412023 -5.249116e-04 -5.684586e-04  2.672690e-04 -0.020515007  0.0083040996  0.0022980343 -0.0002860468 -0.0010131658 -1.469836e-03
beta2_c -0.0491484026 -4.458868e-04  0.0065532670 -1.771413e-03 -1.918148e-03  9.025041e-04 -0.072459186  0.0022980343  0.0094789572 -0.0011399218 -0.0017410853  5.728078e-04
beta3_c  0.0172952716  1.475301e-04 -0.0023029664  5.778119e-04  6.097026e-04 -3.340241e-04  0.003901576 -0.0002860468 -0.0011399218  0.0128579506  0.0058762010  4.749047e-03
beta4_c  0.0263327934  2.349342e-04 -0.0035097983  9.298377e-04  1.000109e-03 -4.904913e-04  0.008456859 -0.0010131658 -0.0017410853  0.0058762010  0.0219848174  5.094844e-03
beta5_c  0.0019497657  1.414793e-05 -0.0002587959  5.307482e-05  5.144005e-05 -4.200882e-05 -0.008438566 -0.0014698363  0.0005728078  0.0047490468  0.0050948436  1.312546e-02



5 updates de plus

--------------------------------------------
Maximum Likelihood estimation
Nelder-Mead maximisation, 501 iterations
Return code 1: iteration limit exceeded 
Log-Likelihood: -9568.255 
12  free parameters
Estimates:
         Estimate Std. error t value  Pr(> t)    
alpha_s -29.37013    0.47937 -61.268  < 2e-16 ***
beta1_s   0.43605    0.10194   4.278 1.89e-05 ***
beta2_s   0.49090    0.05952   8.248  < 2e-16 ***
beta3_s  -0.02362    0.12293  -0.192 0.847601    
beta4_s  -0.26485    0.15039  -1.761 0.078232 .  
beta5_s  -0.46303    0.13885  -3.335 0.000854 ***
alpha_c -31.33916    0.46613 -67.233  < 2e-16 ***
beta1_c   0.47628    0.09137   5.213 1.86e-07 ***
beta2_c   0.81007    0.05950  13.615  < 2e-16 ***
beta3_c   0.12650    0.11712   1.080 0.280119    
beta4_c   0.25320    0.12782   1.981 0.047601 *  
beta5_c   0.21114    0.11843   1.783 0.074620 .  
---
Signif. codes:  0 ‘***’ 0.001 ‘**’ 0.01 ‘*’ 0.05 ‘.’ 0.1 ‘ ’ 1
--------------------------------------------


confint(maxl)
               2.5 %       97.5 %
alpha_s -30.30968372 -28.43057283
beta1_s   0.23625427   0.63584994
beta2_s   0.37425091   0.60755679
beta3_s  -0.26455393   0.21730610
beta4_s  -0.55960978   0.02991697
beta5_s  -0.73517171  -0.19087936
alpha_c -32.25274858 -30.42556566
beta1_c   0.29719774   0.65536914
beta2_c   0.69346054   0.92668717
beta3_c  -0.10305518   0.35604599
beta4_c   0.00267822   0.50372364
beta5_c  -0.02098291   0.44325872


 vcov(maxl)
             alpha_s       beta1_s       beta2_s       beta3_s       beta4_s       beta5_s      alpha_c       beta1_c       beta2_c       beta3_c       beta4_c       beta5_c
alpha_s  0.229799270 -6.598585e-03 -0.0280552589 -0.0163744397 -0.0223870376 -0.0138168024 -0.042648377  1.395467e-03  6.584196e-03 -0.0128280034 -1.109511e-02 -0.0120327668
beta1_s -0.006598585  1.039167e-02  0.0003873393 -0.0004019453 -0.0018652791 -0.0032503788  0.001149985 -9.507081e-06 -1.924631e-04  0.0005084759  4.158904e-04  0.0004787772
beta2_s -0.028055259  3.873393e-04  0.0035423805  0.0012940781  0.0021066868  0.0010815794  0.005280582 -1.652056e-04 -8.192546e-04  0.0016321243  1.405208e-03  0.0015314364
beta3_s -0.016374440 -4.019453e-04  0.0012940781  0.0151107370  0.0070058280  0.0068828975  0.000910665 -1.041479e-04 -1.011310e-04 -0.0001559362 -7.168730e-05 -0.0001510891
beta4_s -0.022387038 -1.865279e-03  0.0021066868  0.0070058280  0.0226178257  0.0077426271  0.005084856 -3.935905e-04 -6.644271e-04  0.0002158442  3.797742e-04  0.0001877346
beta5_s -0.013816802 -3.250379e-03  0.0010815794  0.0068828975  0.0077426271  0.0192800561  0.002057333 -1.432036e-04 -2.773419e-04  0.0001800823  2.202453e-04  0.0001639993
alpha_c -0.042648377  1.149985e-03  0.0052805818  0.0009106650  0.0050848557  0.0020573330  0.217274060 -9.547612e-03 -2.724665e-02 -0.0050252361 -6.357762e-03 -0.0075833004
beta1_c  0.001395467 -9.507081e-06 -0.0001652056 -0.0001041479 -0.0003935905 -0.0001432036 -0.009547612  8.348830e-03  8.412217e-04 -0.0000287477 -5.891009e-04 -0.0015711043
beta2_c  0.006584196 -1.924631e-04 -0.0008192546 -0.0001011310 -0.0006644271 -0.0002773419 -0.027246650  8.412217e-04  3.539974e-03 -0.0001627939  3.431776e-05  0.0002381017
beta3_c -0.012828003  5.084759e-04  0.0016321243 -0.0001559362  0.0002158442  0.0001800823 -0.005025236 -2.874770e-05 -1.627939e-04  0.0137170474  6.141486e-03  0.0061513244
beta4_c -0.011095114  4.158904e-04  0.0014052078 -0.0000716873  0.0003797742  0.0002202453 -0.006357762 -5.891009e-04  3.431776e-05  0.0061414858  1.633797e-02  0.0063555187
beta5_c -0.012032767  4.787772e-04  0.0015314364 -0.0001510891  0.0001877346  0.0001639993 -0.007583300 -1.571104e-03  2.381017e-04  0.0061513244  6.355519e-03  0.0140259408


5 updates de plus
--------------------------------------------
Maximum Likelihood estimation
Nelder-Mead maximisation, 501 iterations
Return code 1: iteration limit exceeded 
Log-Likelihood: -9557.136 
12  free parameters
Estimates:
         Estimate Std. error t value  Pr(> t)    
alpha_s -30.13169    0.49679 -60.653  < 2e-16 ***
beta1_s   0.45445    0.09903   4.589 4.46e-06 ***
beta2_s   0.59350    0.06216   9.548  < 2e-16 ***
beta3_s  -0.09591    0.12242  -0.783  0.43339    
beta4_s  -0.23300    0.14178  -1.643  0.10031    
beta5_s  -0.41351    0.13199  -3.133  0.00173 ** 
alpha_c -31.60664    0.76030 -41.571  < 2e-16 ***
beta1_c   0.51034    0.08979   5.684 1.32e-08 ***
beta2_c   0.86862    0.09712   8.944  < 2e-16 ***
beta3_c  -0.11498    0.11584  -0.993  0.32092    
beta4_c  -0.08206    0.12905  -0.636  0.52485    
beta5_c  -0.02245    0.11676  -0.192  0.84750    
---
Signif. codes:  0 ‘***’ 0.001 ‘**’ 0.01 ‘*’ 0.05 ‘.’ 0.1 ‘ ’ 1
--------------------------------------------

confint(maxl)
              2.5 %       97.5 %
alpha_s -31.1053702 -29.15800422
beta1_s   0.2603505   0.64855197
beta2_s   0.4716746   0.71532804
beta3_s  -0.3358542   0.14403922
beta4_s  -0.5108923   0.04489293
beta5_s  -0.6722024  -0.15482573
alpha_c -33.0967962 -30.11648466
beta1_c   0.3343528   0.68633399
beta2_c   0.6782778   1.05896933
beta3_c  -0.3420224   0.11206423
beta4_c  -0.3349828   0.17086701
beta5_c  -0.2513052   0.20639605


 vcov(maxl)
              alpha_s       beta1_s       beta2_s       beta3_s       beta4_s       beta5_s      alpha_c       beta1_c       beta2_c       beta3_c       beta4_c       beta5_c
alpha_s  0.2467964962 -3.734443e-03 -3.043924e-02 -1.184702e-02 -1.620697e-02 -1.542896e-02  0.015732171  2.011945e-03 -0.0021676522  4.278427e-04 -3.740550e-03  2.250555e-03
beta1_s -0.0037344429  9.807494e-03  6.483078e-05 -7.304557e-04 -2.177043e-03 -3.183377e-03 -0.006274733  4.470062e-05  0.0008162010 -6.130954e-05  7.125993e-05 -5.230500e-05
beta2_s -0.0304392393  6.483078e-05  3.863572e-03  7.944201e-04  1.414048e-03  1.353891e-03 -0.001015609 -2.808414e-04  0.0001485529 -4.710251e-05  4.946253e-04 -2.959179e-04
beta3_s -0.0118470233 -7.304557e-04  7.944201e-04  1.498765e-02  6.175526e-03  6.089876e-03 -0.005297403  2.313735e-04  0.0006780186 -2.676963e-05 -2.645570e-04  1.490574e-04
beta4_s -0.0162069677 -2.177043e-03  1.414048e-03  6.175526e-03  2.010286e-02  6.662417e-03 -0.004476708  2.318892e-04  0.0005709014 -1.792962e-05 -2.845466e-04  1.622470e-04
beta5_s -0.0154289551 -3.183377e-03  1.353891e-03  6.089876e-03  6.662417e-03  1.742038e-02 -0.013669294  2.581547e-04  0.0017688883 -1.128111e-04 -1.143767e-04  4.648269e-05
alpha_c  0.0157321709 -6.274733e-03 -1.015609e-03 -5.297403e-03 -4.476708e-03 -1.366929e-02  0.578052309 -1.093448e-02 -0.0734221778 -1.405231e-02 -1.607261e-02 -1.344414e-02
beta1_c  0.0020119449  4.470062e-05 -2.808414e-04  2.313735e-04  2.318892e-04  2.581547e-04 -0.010934481  8.062740e-03  0.0010083764  3.073079e-04 -3.579891e-04 -1.355575e-03
beta2_c -0.0021676522  8.162010e-04  1.485529e-04  6.780186e-04  5.709014e-04  1.768888e-03 -0.073422178  1.008376e-03  0.0094317052  1.114941e-03  1.438532e-03  1.110636e-03
beta3_c  0.0004278427 -6.130954e-05 -4.710251e-05 -2.676963e-05 -1.792962e-05 -1.128111e-04 -0.014052308  3.073079e-04  0.0011149409  1.341903e-02  5.073023e-03  5.588750e-03
beta4_c -0.0037405501  7.125993e-05  4.946253e-04 -2.645570e-04 -2.845466e-04 -1.143767e-04 -0.016072609 -3.579891e-04  0.0014385321  5.073023e-03  1.665279e-02  5.356387e-03
beta5_c  0.0022505552 -5.230500e-05 -2.959179e-04  1.490574e-04  1.622470e-04  4.648269e-05 -0.013444142 -1.355575e-03  0.0011106356  5.588750e-03  5.356387e-03  1.363352e-02


10 updates plus tard : successful convergence

--------------------------------------------
Maximum Likelihood estimation
Nelder-Mead maximisation, 353 iterations
Return code 0: successful convergence 
Log-Likelihood: -9552.844 
12  free parameters
Estimates:
         Estimate Std. error t value  Pr(> t)    
alpha_s -30.39899    1.89818 -16.015  < 2e-16 ***
beta1_s   0.45193    0.09997   4.521 6.16e-06 ***
beta2_s   0.62758    0.23282   2.696  0.00703 ** 
beta3_s  -0.09880    0.16007  -0.617  0.53707    
beta4_s  -0.22806    0.20207  -1.129  0.25906    
beta5_s  -0.39858    0.19746  -2.019  0.04354 *  
alpha_c -32.21551    0.63293 -50.899  < 2e-16 ***
beta1_c   0.53221    0.09208   5.780 7.48e-09 ***
beta2_c   0.94510    0.08100  11.669  < 2e-16 ***
beta3_c  -0.08282    0.11461  -0.723  0.46990    
beta4_c  -0.08457    0.13296  -0.636  0.52473    
beta5_c   0.01073    0.11597   0.093  0.92627    
---
Signif. codes:  0 ‘***’ 0.001 ‘**’ 0.01 ‘*’ 0.05 ‘.’ 0.1 ‘ ’ 1
--------------------------------------------




confint(maxl)
              2.5 %       97.5 %
alpha_s -34.1193561 -26.67862154
beta1_s   0.2559988   0.64785501
beta2_s   0.1712600   1.08390556
beta3_s  -0.4125320   0.21492765
beta4_s  -0.6241125   0.16798996
beta5_s  -0.7856031  -0.01156457
alpha_c -33.4560213 -30.97498983
beta1_c   0.3517362   0.71268105
beta2_c   0.7863553   1.10385112
beta3_c  -0.3074541   0.14180913
beta4_c  -0.3451589   0.17602025
beta5_c  -0.2165618   0.23802368



vcov(maxl)
             alpha_s       beta1_s       beta2_s       beta3_s       beta4_s       beta5_s       alpha_c       beta1_c       beta2_c       beta3_c       beta4_c       beta5_c
alpha_s  3.603092820 -3.122697e-02 -0.4414883714 -0.1943812596 -0.2835839520 -0.2871458367  0.5600247351 -2.577597e-02 -7.191605e-02  8.221046e-03  9.180201e-03  1.164929e-02
beta1_s -0.031226972  9.993031e-03  0.0034248225  0.0008731799  0.0002630886 -0.0008250819 -0.0070197799  2.932830e-04  8.906225e-04 -9.060365e-06 -1.784068e-05  9.069721e-05
beta2_s -0.441488371  3.424822e-03  0.0542060918  0.0231168159  0.0341713725  0.0346324199 -0.0678539629  3.124193e-03  8.713929e-03 -9.995934e-04 -1.115928e-03 -1.420300e-03
beta3_s -0.194381260  8.731799e-04  0.0231168159  0.0256221380  0.0207042187  0.0211588842 -0.0353301443  1.629528e-03  4.538188e-03 -5.293758e-04 -5.902562e-04 -7.619571e-04
beta4_s -0.283583952  2.630886e-04  0.0341713725  0.0207042187  0.0408325549  0.0278968278 -0.0553335429  2.555572e-03  7.108887e-03 -8.399120e-04 -9.356349e-04 -1.220595e-03
beta5_s -0.287145837 -8.250819e-04  0.0346324199  0.0211588842  0.0278968278  0.0389914184 -0.0539961477  2.497163e-03  6.938287e-03 -8.302012e-04 -9.239758e-04 -1.217765e-03
alpha_c  0.560024735 -7.019780e-03 -0.0678539629 -0.0353301443 -0.0553335429 -0.0539961477  0.4005976256 -1.677868e-02 -5.084036e-02  6.491627e-04  1.154786e-03 -4.843072e-03
beta1_c -0.025775969  2.932830e-04  0.0031241931  0.0016295279  0.0025555716  0.0024971632 -0.0167786798  8.478629e-03  1.755676e-03 -5.368039e-05 -6.058402e-04 -1.483514e-03
beta2_c -0.071916054  8.906225e-04  0.0087139290  0.0045381876  0.0071088870  0.0069382874 -0.0508403580  1.755676e-03  6.560242e-03 -7.707532e-04 -8.182657e-04  2.127217e-06
beta3_c  0.008221046 -9.060365e-06 -0.0009995934 -0.0005293758 -0.0008399120 -0.0008302012  0.0006491627 -5.368039e-05 -7.707532e-04  1.313547e-02  5.352314e-03  5.308617e-03
beta4_c  0.009180201 -1.784068e-05 -0.0011159281 -0.0005902562 -0.0009356349 -0.0009239758  0.0011547863 -6.058402e-04 -8.182657e-04  5.352314e-03  1.767738e-02  5.485914e-03
beta5_c  0.011649289  9.069721e-05 -0.0014203000 -0.0007619571 -0.0012205955 -0.0012177651 -0.0048430724 -1.483514e-03  2.127217e-06  5.308617e-03  5.485914e-03  1.344853e-02

allequal
[1] "Mean relative difference: 0.05975583" "Mean relative difference: 0.1776431"  "Mean relative difference: 0.5059419" 
[4] "Mean relative difference: 0.1617338"  "Mean relative difference: 0.6291817"  "Mean relative difference: 1.026923" 

 ttest>rejet
[1] FALSE FALSE FALSE FALSE FALSE FALSE

pval
[1] 0.28474681 0.54830393 0.12720219 0.93617183 0.55925301 0.08058474

AIC = 19129.69
Longueur resi_clean_tot = 1106

BIC = 19189.79
